Bruxo 
Capa 19 37 109 113 117 121 207 249 261
Corujas 21 53 57 59 63 75 103 133 163
Dumbledore 109 111 117 135 139 141 151 155 161 165 169 173 181 185 187 189 197 199 201 203 207 213 221 223 229 233 235 239 249 251 253 257 259
Gato 17 19 45 49 93 101 103 105 107 113 117 121 125 165 259
Harry 27 31 89 179 183 195 197 201 207 239 243 247 249 261 263 265
Ideia 31 205
Luz 17 21 53 137 249 259
Potter 5 7 25 31 63 81 95 97 167 179 197 201 263 265
Rua 1 7 17 19 21 31 93 103 109 111 113 117 197 217 259 263
Segredo 5 263
